#intspc
int.A2 <- c(0, 1.880603141, 1.023066041, 0.728508985, 0.576801714, 0.483324732, 0.419339282, 0.372553625, 0.336700337, 0.308214197,
0.285072182, 0.265815041, 0.249415556, 0.235334231, 0.223098119, 0.212344281, 0.202788984, 0.194260105, 0.186567417, 0.179603854,
0.173280485, 0.167478960, 0.162141846, 0.157220138, 0.152632918, 0.148422908, 0.144445902, 0.140786369, 0.137314768, 0.134048595,
0.131003138, 0.128130004, 0.125386067, 0.122820663, 0.120363768, 0.118035883, 0.115801118, 0.113706604, 0.111691342, 0.109750497,
0.107929345, 0.106147684, 0.104474928, 0.102834701, 0.101294133, 0.099780255, 0.098335949, 0.096957614, 0.095620578, 0.094322825,
0.093062478, 0.091858059, 0.090706954, 0.089567418, 0.088477672, 0.087416455, 0.086401328, 0.085393301, 0.084428606, 0.083487462,
0.082586678, 0.081707137, 0.080830726, 0.080008534, 0.079187956, 0.078385581, 0.077617182, 0.076865294, 0.076129334, 0.075408745,
0.074718677, 0.074027092, 0.073364697, 0.072715370, 0.072078685, 0.071454236, 0.070856317, 0.070255038, 0.069679267, 0.069099752,
0.068544794, 0.067999708, 0.067464204, 0.066951695, 0.066434399, 0.065939323, 0.065439219, 0.064960608, 0.064489832, 0.064026679,
0.063570942, 0.063122426, 0.062680941, 0.062246303, 0.061830756, 0.061409189, 0.061006179, 0.060597033, 0.060205939, 0.059820538)


int.A3 <- c(0, 2.658679313, 1.954409883, 1.628102349, 1.42729869, 1.287128109, 1.181915842, 1.099095543, 1.031660633, 0.975350352,
0.927394303, 0.885906021, 0.849545841, 0.817336828, 0.788541232, 0.762595019, 0.739057837, 0.71576218, 0.69786801, 0.679701371,
0.66288471, 0.647259226, 0.63268947, 0.619062646, 0.606281072, 0.594260105, 0.582927133, 0.52219137, 0.56208123, 0.552463802,
0.543323864, 0.534623648, 0.526328329, 0.51840766, 0.510834415, 0.5035835, 0.496633667, 0.489963186, 0.483555132, 0.477391705,
0.471458472, 0.465740823, 0.460226696, 0.454904096, 0.449761494, 0.444790005, 0.439979664, 0.435322086, 0.430809051, 0.426434192,
0.422189484, 0.418069507, 0.41406756, 0.410178591, 0.406397066, 0.40271819, 0.399137465, 0.395650666, 0.392253817, 0.388942785,
0.38571444, 0.382565072, 0.379491547, 0.376490904, 0.373560342, 0.370697581, 0.367899361, 0.365163306, 0.36248789, 0.359870233,
0.357308302, 0.354800514, 0.352344668, 0.349939359, 0.347582557, 0.345272668, 0.343008168, 0.340787603, 0.338609922, 0.336473115,
0.334376588, 0.332318785, 0.330298208, 0.328314076, 0.326365645, 0.324451233, 0.322570182, 0.320721224, 0.318904095, 0.31711728,
0.31536026, 0.313631913, 0.311932092, 0.31025942, 0.308613182, 0.306992995, 0.30539819, 0.303827816, 0.302281558, 0.300758513)

int.A4 <- c(0, 1.88, 1.186756608, 0.796260321, 0.691008453, 0.548090246, 0.509077889, 0.432907313, 0.411784512, 0.361843467, 0.35006864, 0.315788269, 0.30752938, 0.282401077, 0.275972373)

int.B3 <- c(0, 0, 0, 0, 0, 0.030363634, 0.117688814, 0.185085438, 0.23913584, 0.283701688,
0.321280566, 0.353506029, 0.381560864, 0.406239328, 0.428195204, 0.447896458, 0.465668061, 0.481849180, 0.496635619, 0.510225608,
0.522780364, 0.534406023, 0.545238469, 0.555337533, 0.564778101, 0.573652697, 0.582019177, 0.589910435, 0.597352673, 0.604415090,
0.611123492, 0.617485022, 0.623555888, 0.629349068, 0.634880500, 0.640181532, 0.645224957, 0.650100124, 0.654752210, 0.659245922,
0.663553941, 0.667719399, 0.671714957, 0.675562234, 0.679307276, 0.682895240, 0.686378170, 0.689750124, 0.693038643, 0.696179859,
0.699265236, 0.702224880, 0.705122769, 0.707922483, 0.710654513, 0.713312874, 0.715903635, 0.718417796, 0.720858412, 0.723252913,
0.725567911, 0.727833840, 0.730053736, 0.732221598, 0.734337447, 0.736367916, 0.738376803, 0.740370138, 0.742269128, 0.744146578,
0.746002499, 0.747800519, 0.749574024, 0.751286649, 0.752971774, 0.754635427, 0.756268586, 0.757877280, 0.759422151, 0.760975923,
0.762462884, 0.763919400, 0.765387841, 0.766822836, 0.768191064, 0.769565213, 0.770908949, 0.772261619, 0.773538529, 0.774827391,
0.776079845, 0.777338239, 0.778523914, 0.779715536, 0.780913105, 0.782074291, 0.783202109, 0.784335881, 0.785430276, 0.786533638)

int.B4 <- c(0, 3.266529638, 2.568168201, 2.266044949, 2.088993879, 1.969636366, 1.882311186, 1.814914562, 1.76086416, 1.716298312,
1.678719434, 1.646493971, 1.618439136, 1.593760672, 1.571804796, 1.552103542, 1.534331939, 1.518150820, 1.503364381, 1.489774392,
1.477219636, 1.465593977, 1.454761531, 1.444662467, 1.435221899, 1.426347303, 1.417980823, 1.410089565, 1.402647327, 1.395584910,
1.388876508, 1.382514978, 1.376444112, 1.370650932, 1.365119500, 1.359818468, 1.354775043, 1.349899876, 1.345247790, 1.340754078,
1.336446059, 1.332280601, 1.328285043, 1.324437766, 1.320692724, 1.317104760, 1.313621830, 1.310249876, 1.306961357, 1.303820141,
1.300734764, 1.297775120, 1.294877231, 1.292077517, 1.289345487, 1.286687126, 1.284096365, 1.281582204, 1.279141588, 1.276747087,
1.274432089, 1.272166160, 1.269946264, 1.267778402, 1.265662553, 1.263632084, 1.261623197, 1.259629862, 1.257730872, 1.255853422,
1.253997501, 1.252199481, 1.250425976, 1.248713351, 1.247028226, 1.245364573, 1.243731414, 1.242122720, 1.240577849, 1.239024077,
1.237537116, 1.236080600, 1.234612159, 1.233177164, 1.231808936, 1.230434787, 1.229091051, 1.227738381, 1.226461471, 1.225172609,
1.223920155, 1.222661761, 1.221476086, 1.220284464, 1.219086895, 1.217925709, 1.216797891, 1.215664119, 1.214569724, 1.213466362)

int.D3 <- c(0, 0, 0, 0, 0, 0, 0.075591716, 0.136143309, 0.184040404, 0.223099415,
0.255625591, 0.283149171, 0.307194245, 0.328147931, 0.346601382, 0.363052095, 0.377842809, 0.391263736, 0.403496883, 0.414698795,
0.424933827, 0.434485467, 0.443312597, 0.451527599, 0.459374205, 0.467160192, 0.473736803, 0.479766327, 0.485655657, 0.491283407,
0.496539023, 0.501557139, 0.506467227, 0.511037240, 0.515510325, 0.519776912, 0.523955154, 0.527826636, 0.531619856, 0.535337344,
0.538768487, 0.542236872, 0.545430464, 0.548665075, 0.551634881, 0.554648545, 0.557506067, 0.560211151, 0.562866801, 0.565473544,
0.568032565, 0.570450872, 0.572732115, 0.575066257, 0.577266404, 0.579428914, 0.581463144, 0.583553436, 0.585519455, 0.587452468,
0.589265749, 0.591050397, 0.592893713, 0.594535951, 0.596238561, 0.597915941, 0.599484117, 0.601029791, 0.602554384, 0.604058044,
0.605459391, 0.606925251, 0.608290639, 0.609640325, 0.610974407, 0.612294228, 0.613519793, 0.614813030, 0.616015483, 0.617285538,
0.618466996, 0.619639163, 0.620803319, 0.621882184, 0.623032666, 0.624099878, 0.625239268, 0.626298598, 0.627354492, 0.628408180,
0.629460279, 0.630511403, 0.631562160, 0.632613760, 0.633592607, 0.634647413, 0.635631885, 0.636693461, 0.637685903, 0.638683948)

int.D4 <- c(0, 3.267287234, 2.574246899, 2.281301603, 2.114488392, 2.00394633, 1.924408284, 1.863856691, 1.815959596, 1.776900585,
1.744374409, 1.716850829, 1.692805755, 1.671852069, 1.653398618, 1.636947905, 1.622157191, 1.608736264, 1.596503117, 1.585301205,
1.575066173, 1.565514533, 1.556687403, 1.548472401, 1.540625795, 1.532839808, 1.526263197, 1.520233673, 1.514344343, 1.508716593,
1.503460977, 1.498442861, 1.493532773, 1.488962760, 1.484489675, 1.480223088, 1.476044846, 1.472173364, 1.468380144, 1.464662656,
1.461231513, 1.457763128, 1.454569536, 1.451334925, 1.448365119, 1.445351455, 1.442493933, 1.439788849, 1.437133199, 1.434526456,
1.431967435, 1.429549128, 1.427267885, 1.424933743, 1.422733596, 1.420571086, 1.418536856, 1.416446564, 1.414480545, 1.412547532,
1.410734251, 1.408949603, 1.407106287, 1.405464049, 1.403761439, 1.402084059, 1.400515883, 1.398970209, 1.397445616, 1.395941956,
1.394540609, 1.393074749, 1.391709361, 1.390359675, 1.389025593, 1.387705772, 1.386480207, 1.385186970, 1.383984517, 1.382714462,
1.381533004, 1.380360837, 1.379196681, 1.378117816, 1.376967334, 1.375900122, 1.374760732, 1.373701402, 1.372645508, 1.371591820,
1.370539721, 1.369488597, 1.368437840, 1.367386240, 1.366407393, 1.365352587, 1.364368115, 1.363306539, 1.362314097, 1.361316052)

